6	header
postResults v2.0.2	--cr texture,f,p --time 512grains512_tensionX.spectralOut
addCauchy v2.0.2	512grains512_tensionX.txt
addStrainTensors v2.0.2	--left --logarithmic 512grains512_tensionX.txt
addMises v2.0.2	-s Cauchy 512grains512_tensionX.txt
addMises v2.0.2	-e ln(V) 512grains512_tensionX.txt
inc	time	elem	node	ip	grain	1_pos	2_pos	3_pos	texture	1_f	2_f	3_f	4_f	5_f	6_f	7_f	8_f	9_f	1_p	2_p	3_p	4_p	5_p	6_p	7_p	8_p	9_p	1_Cauchy	2_Cauchy	3_Cauchy	4_Cauchy	5_Cauchy	6_Cauchy	7_Cauchy	8_Cauchy	9_Cauchy	1_ln(V)	2_ln(V)	3_ln(V)	4_ln(V)	5_ln(V)	6_ln(V)	7_ln(V)	8_ln(V)	9_ln(V)	Mises(Cauchy)	Mises(ln(V))
0	0.0	nan	nan	1	1	0.25	0.25	0.25	256.5	1.0	0.0	0.0	0.0	1.0	0.0	0.0	0.0	1.0	6.13798216321e-12	-5.13004670219e-13	9.78207603579e-14	-5.13004670219e-13	6.92654119504e-12	4.30065306802e-13	9.78207603579e-14	4.30065306802e-13	7.3844186606e-12	6.13798216321e-12	-5.13004670219e-13	9.78207603579e-14	-5.13004670219e-13	6.92654119504e-12	4.30065306802e-13	9.78207603579e-14	4.30065306802e-13	7.3844186606e-12	0.0	0.0	0.0	0.0	0.0	0.0	0.0	0.0	0.0	1.6017606294e-12	0.0
6	2.0	nan	nan	1	1	0.25	0.25	0.25	256.5	1.0002	7.94093388051e-23	-2.3127969927e-21	-6.89455040563e-22	0.999937780351	1.65436122511e-23	9.26442286059e-23	7.41153828848e-22	0.999942801107	40.6589785155	0.544048818918	0.618985326198	0.54390618715	6.16107283356e-07	-0.271789882911	0.618826155711	-0.271791247608	8.80484065573e-07	40.6638343866	0.543971145459	0.618900061632	0.543971145455	6.16019322162e-07	-0.271752444146	0.618900061651	-0.271752444167	8.80362779835e-07	0.000199980002666	0.0	0.0	0.0	-6.22215847226e-05	0.0	0.0	0.0	-5.72005289191e-05	40.6915929895	0.000173151641476
12	4.0	nan	nan	1	1	0.25	0.25	0.25	256.5	1.0004	1.5881867761e-21	-3.97212130148e-21	8.43724224804e-22	0.999875542643	-4.16899028727e-22	-1.34995875969e-21	-7.41153828848e-22	0.999885585156	81.343756799	1.08843938608	1.23831774424	1.08786877429	5.80309331933e-08	-0.543644457696	1.23768098992	-0.543649917933	7.83286509438e-08	81.3631910449	1.08812868248	1.2379766905	1.08812868249	5.80143678061e-08	-0.543494728779	1.23797669051	-0.54349472878	7.83070779029e-08	0.000399920021327	0.0	0.0	0.0	-0.000124465102459	0.0	0.0	0.0	-0.000114421389877	81.4187007783	0.000346290732539
18	6.0	nan	nan	1	1	0.25	0.25	0.25	256.5	1.0006	-1.01908651467e-21	-2.10765620079e-21	2.58080351117e-22	0.999813286879	1.28378431068e-21	4.6322114303e-22	-4.23516473627e-22	0.999828352155	122.05434178	1.63317185939	1.85799725547	1.6318877921	8.0829678898e-08	-0.815563638752	1.85656439561	-0.815575927739	9.87973154849e-08	122.098093057	1.63247275429	1.85722989478	1.63247275429	8.0795078473e-08	-0.815226807537	1.85722989479	-0.815226807538	9.87565117778e-08	0.000599820071968	0.0	0.0	0.0	-0.000186730554065	0.0	0.0	0.0	-0.000171662578177	122.181344325	0.000519417282621
24	8.0	nan	nan	1	1	0.25	0.25	0.25	256.5	1.0008	1.27054942088e-21	4.47339275269e-21	-2.88355161536e-21	0.999750955924	3.71900403404e-21	-8.73502726856e-22	3.44107134822e-21	0.999771006431	162.71311891	2.18382777123	2.47521227162	2.18153867663	5.51139220665e-05	-1.07898251563	2.47266733389	-1.0790041587	1.87975488531e-05	162.790929819	2.18258190277	2.47384978231	2.18258190847	5.50824797072e-05	-1.0783885859	2.47384978613	-1.07838858944	1.87872016761e-05	0.000799680170564	0.0	0.0	0.0	-0.000249075092625	0.0	0.0	0.0	-0.00022901979203	162.901854997	0.000692581873249
30	10.0	nan	nan	1	1	0.25	0.25	0.25	256.5	1.001	-3.73223892384e-21	1.08658445265e-20	1.31356281273e-21	0.999681539045	-3.0704944338e-21	2.11758236814e-22	5.82335151237e-22	0.999709150464	197.517317327	2.77903936935	2.84468377673	2.77537899005	0.00108243833633	-1.36198869696	2.84101545457	-1.36202634163	0.00132055288975	197.637721758	2.777070816	2.8427472388	2.77707083122	0.00108167158303	-1.36106151384	2.84274730702	-1.36106154007	0.00131965391434	0.000999500333083	0.0	0.0	0.0	-0.000318511674458	0.0	0.0	0.0	-0.000290891840929	197.770402081	0.000869614278475
36	12.0	nan	nan	1	1	0.25	0.25	0.25	256.5	1.0012	-5.24101636114e-21	6.11451908799e-21	-2.84550130718e-21	0.999586159373	-3.81164826264e-21	-2.96461531539e-21	-8.36445035414e-21	0.999636484151	213.622895345	3.14028825511	2.7068175324	3.13522644416	-0.00016654027137	-1.94936757745	2.70259029969	-1.94946587051	0.000104969938563	213.789053488	3.13766501676	2.70469255617	3.13766505639	-0.000166401152031	-1.94783723426	2.70469240296	-1.94783738509	0.000104887532334	0.00119928057548	0.0	0.0	0.0	-0.000413926282665	0.0	0.0	0.0	-0.000363581936903	213.936055079	0.00105908872285
42	14.0	nan	nan	1	1	0.25	0.25	0.25	256.5	1.0014	2.96461531539e-21	1.16467030247e-21	5.45277459795e-21	0.999478451422	8.73502726856e-22	2.21353531919e-21	-4.02340649946e-21	0.999556050856	219.459931189	3.32381591922	2.69345675702	3.31743797318	-0.000207856046364	-2.40558554751	2.68849712282	-2.40577225119	1.05352319569e-05	219.671973116	3.32064327925	2.69109472598	3.32064327784	-0.000207657644161	-2.40347596557	2.69109474557	-2.40347589983	1.05259930691e-05	0.00139902091371	0.0	0.0	0.0	-0.000521684631768	0.0	0.0	0.0	-0.000444047718598	219.836200737	0.00125539186145
48	16.0	nan	nan	1	1	0.25	0.25	0.25	256.5	1.0016	1.45583787809e-21	1.47171974585e-20	-2.68006518467e-22	0.999368303526	7.09390093325e-21	3.19539870629e-21	4.23516473627e-22	0.999472465972	222.412330858	3.41582203801	2.69207235681	3.40821112876	-2.44862084948e-05	-2.79934357161	2.68635407922	-2.79963532178	-7.70740020949e-05	222.670382955	3.41216548669	2.68947085099	3.41216547799	-2.44599966263e-05	-2.79663840339	2.68947089968	-2.79663838279	-7.69995210117e-05	0.0015987213637	0.0	0.0	0.0	-0.000631896078281	0.0	0.0	0.0	-0.00052767322303	222.850205243	0.00145358335116
54	18.0	nan	nan	1	1	0.25	0.25	0.25	256.5	1.0018	-1.54054117282e-20	-1.42936809849e-21	-1.16599379145e-20	0.999257856838	1.5352472169e-21	8.23871890103e-21	6.35274710441e-22	0.999387309209	224.379023791	3.45272665665	2.67066337088	3.4439650647	3.07844460689e-05	-3.16052550634	2.66423146316	-3.16093500301	-8.14346573408e-05	224.683330231	3.44863586284	2.66784473694	3.4486358255	3.0747972628e-05	-3.157189869	2.66784473671	-3.15718992422	-8.13487107212e-05	0.00179838194138	0.0	0.0	0.0	-0.000742418686564	0.0	0.0	0.0	-0.000612878562704	224.876733459	0.00165238048438
60	20.0	nan	nan	1	1	0.25	0.25	0.25	256.5	1.002	-8.73502726856e-21	-6.2998075452e-21	3.65282958503e-21	0.999146511284	1.40819227481e-20	-6.08804930839e-21	-8.89384594617e-21	0.999302145221	225.852478992	3.43358597667	2.61324983068	3.42380786322	-2.82291544797e-05	-3.43282696023	2.60621376945	-3.43336167559	-2.74310417706e-05	226.203263224	3.42912554329	2.61026159197	3.42912557244	-2.81924831211e-05	-3.42890153898	2.61026162714	-3.4289015336	-2.73996745052e-05	0.00199800266267	0.0	0.0	0.0	-0.000853853144866	0.0	0.0	0.0	-0.000698098392991	226.404324316	0.00185150401278
66	22.0	nan	nan	1	1	0.25	0.25	0.25	256.5	1.0022	-9.58206021581e-21	-7.94093388051e-22	7.35859872927e-21	0.999034921664	-5.18807680193e-21	4.81749988751e-21	-1.8211208366e-20	0.999216591579	226.971530469	3.40023950385	2.53787808181	3.38950109218	-2.50100368538e-05	-3.61749698878	2.53032318762	-3.61815483444	-3.86887130404e-05	227.368910095	3.39543541067	2.53475324184	3.39543539889	-2.49747009466e-05	-3.61304283502	2.53475325371	-3.61304285543	-3.86410763797e-05	0.00219758354349	0.0	0.0	0.0	-0.000965544323932	0.0	0.0	0.0	-0.000783715445738	227.573416384	0.00205083090531
72	24.0	nan	nan	1	1	0.25	0.25	0.25	256.5	1.0024	9.89969757103e-21	-4.84926362303e-20	-5.24101636114e-21	0.998923412553	3.81164826264e-21	-2.91167575619e-21	-1.69406589451e-21	0.999130492524	227.822075509	3.41390269086	2.44433834766	3.40206239768	-1.86209452451e-05	-3.7241367899	2.43636572158	-3.72490886234	-7.29785523899e-06	228.266089306	3.4086928253	2.44111405405	3.40869284664	-1.85925283187e-05	-3.7192243315	2.44111407616	-3.71922437858	-7.28822873699e-06	0.00239712459972	0.0	0.0	0.0	-0.00107716738354	0.0	0.0	0.0	-0.000869885716897	228.472418463	0.0022502852601
78	26.0	nan	nan	1	1	0.25	0.25	0.25	256.5	1.0026	-9.3438321994e-21	-1.89788319744e-20	1.71524171819e-20	0.998812051964	2.32934060495e-20	-7.67623608449e-22	4.23516473627e-21	0.999043955402	228.49386835	3.44535698299	2.33104128442	3.43234002634	3.45632272963e-06	-3.79925660627	2.32277351481	-3.80013873314	1.60373977066e-05	228.984549472	3.43971080198	2.32776155382	3.43971083444	3.45065857818e-06	-3.79391112474	2.32776157477	-3.79391114301	1.60148333941e-05	0.00259662584727	0.0	0.0	0.0	-0.00118865420559	0.0	0.0	0.0	-0.000956501900128	229.191734096	0.00244980527847
84	28.0	nan	nan	1	1	0.25	0.25	0.25	256.5	1.0028	7.19978005166e-21	2.92755762395e-20	-7.7291756437e-21	0.998700941291	-3.59989002583e-21	4.28810429547e-21	-1.18584612616e-20	0.998956971891	229.034559041	3.47375921579	2.20174862152	3.45955984059	-4.47689439659e-07	-3.8711116433	2.19331086461	-3.87210406744	3.72805663964e-05	229.571925362	3.46767673252	2.19845686343	3.46767674203	-4.46905544358e-07	-3.86532407838	2.19845686264	-3.86532409026	3.7224829513e-05	0.002796087302	0.0	0.0	0.0	-0.00129990321722	0.0	0.0	0.0	-0.00104357244135	229.779582743	0.00264935341147
90	30.0	nan	nan	1	1	0.25	0.25	0.25	256.5	1.003	-1.26525546496e-20	9.79381845263e-21	-2.42992576744e-20	0.998590123239	1.22819777352e-20	1.68083100471e-20	5.92923063078e-21	0.998869553178	229.471607316	3.50326037225	2.07350067819	3.48785763589	-1.69695207467e-05	-3.94218255555	2.06496181808	-3.94328566783	3.92380019078e-05	230.055656465	3.49673489903	2.07021753344	3.49673490096	-1.6937911862e-05	-3.93594057255	2.07021754103	-3.93594056575	3.9175873141e-05	0.0029955089798	0.0	0.0	0.0	-0.00141087157239	0.0	0.0	0.0	-0.00113108625895	230.264225851	0.00284890847155
167	55.6666666667	nan	nan	1	1	0.25	0.25	0.25	256.5	1.00556666667	3.32460431797e-20	-3.23990102325e-20	-1.90582413132e-21	0.997176908564	1.1096131609e-19	-7.62329652529e-21	1.35525271561e-20	0.997737632901	231.799986393	3.71829182033	1.18293854172	3.68726893693	1.30522580916e-06	-3.85218820046	1.1737285278	-3.8543543383	4.15271494941e-07	232.9833254	3.70609245457	1.17972042952	3.70609244606	1.30094348604e-06	-3.84170855726	1.17972041232	-3.84170856422	4.14141774151e-07	0.00555123004164	0.0	0.0	0.0	-0.00282708387441	0.0	0.0	0.0	-0.00226493011783	233.175655405	0.00540790615797
244	81.3333333333	nan	nan	1	1	0.25	0.25	0.25	256.5	1.00813333333	6.38451083993e-20	8.36445035414e-21	-9.74087889342e-21	0.99576607673	1.27054942088e-19	-6.88214269644e-20	2.54109884176e-20	0.996609896549	232.46449247	3.77267995253	1.30407963769	3.72639867169	4.58138311121e-07	-3.78066244944	1.28917338125	-3.78386620161	1.27584094481e-06	234.247035881	3.75497278867	1.29905880897	3.75497278779	4.55988027967e-07	-3.76610654499	1.29905879425	-3.76610653482	1.2709288377e-06	0.00810043603056	0.0	0.0	0.0	-0.00424291170299	0.0	0.0	0.0	-0.00339586287208	234.438875217	0.00796158294495
321	107.0	nan	nan	1	1	0.25	0.25	0.25	256.5	1.0107	7.26860147863e-20	2.54109884176e-20	1.54583512874e-19	0.994358300342	-1.66018457662e-19	5.75982404133e-20	-1.35525271561e-20	0.995488275391	232.835334528	3.86927060791	1.44359569265	3.80670955328	1.4259472414e-06	-3.79361082661	1.42186858499	-3.79792183699	1.74278054052e-06	235.217611552	3.84565826639	1.43641657718	3.84565826665	1.41724535501e-06	-3.77474490014	1.43641656959	-3.77474490352	1.73411355515e-06	0.0106431600985	0.0	0.0	0.0	-0.00565767415606	0.0	0.0	0.0	-0.00452193315548	235.415860299	0.0105091194093
398	132.666666667	nan	nan	1	1	0.25	0.25	0.25	256.5	1.01326666667	8.60797232647e-20	9.4232415382e-20	-1.22819777352e-19	0.992956689692	1.40607469244e-19	-1.65171424715e-20	-6.77626357803e-21	0.994369996679	233.121249417	4.0170287098	1.54550556253	3.93651114053	9.36349026232e-07	-3.87862726232	1.51668302174	-3.8841478332	1.08349959432e-06	236.104108392	3.98688003472	1.53608946451	3.98688002632	9.29321522922e-07	-3.85499646126	1.53608945327	-3.85499645803	1.07689829916e-06	0.0131794351154	0.0	0.0	0.0	-0.00706823150547	0.0	0.0	0.0	-0.00564591152663	236.314402584	0.0130501994357
475	158.333333333	nan	nan	1	1	0.25	0.25	0.25	256.5	1.01583333333	7.70799982001e-20	2.00323292026e-19	1.65171424715e-20	0.99156157894	-5.59041745188e-20	7.66564817265e-20	3.38813178902e-21	0.99325474842	233.366020756	4.19334721318	1.64426779893	4.09315371329	4.29474462327e-07	-3.97176878191	1.60772120677	-3.97855088509	2.17646543064e-06	236.95030965	4.15602081849	1.63241434224	4.15602081515	4.25651565611e-07	-3.94313646954	1.63241433582	-3.9431364648	2.16077538384e-06	0.0157092937019	0.0	0.0	0.0	-0.00847422610263	0.0	0.0	0.0	-0.0067681036092	237.174841547	0.015584799389
552	184.0	nan	nan	1	1	0.25	0.25	0.25	256.5	1.0184	-1.41030985718e-19	2.69356477227e-19	-1.43995601033e-20	0.990172199414	-6.09863722023e-20	5.42101086243e-20	1.21972744405e-19	0.992143271747	233.586220155	4.37358149108	1.73017963338	4.25235545795	3.33304280703e-07	-4.05095844428	1.68557156091	-4.05902242208	3.24914250463e-07	237.772759914	4.32856995628	1.71578187645	4.32856995032	3.2987401714e-07	-4.01724823645	1.71578187191	-4.01724823097	3.22210463924e-07	0.0182327682611	0.0	0.0	0.0	-0.00987641217708	0.0	0.0	0.0	-0.00788775496155	238.011221013	0.0181129942052
629	209.666666667	nan	nan	1	1	0.25	0.25	0.25	256.5	1.02096666667	6.1939284268e-20	2.46063071177e-19	2.62580213649e-20	0.988787870464	8.47032947254e-20	2.23616698075e-19	0.0	0.991036204262	233.789586524	4.53039049767	1.79701316978	4.38760178816	9.20403562921e-07	-4.11583415257	1.74433226705	-4.12519283867	1.27749354306e-06	238.579163929	4.47748927524	1.78006789154	4.47748927501	9.09656040465e-07	-4.07702310985	1.78006788101	-4.07702309612	1.26544717417e-06	0.0207498909219	0.0	0.0	0.0	-0.0112754592795	0.0	0.0	0.0	-0.00900421225993	238.829506029	0.0206348587196
706	235.333333333	nan	nan	1	1	0.25	0.25	0.25	256.5	1.02353333333	3.30342849429e-20	-4.78997131672e-19	-2.73591641963e-19	0.987408352771	-4.06575814682e-20	6.94567016749e-20	-6.09863722023e-20	0.989933734662	233.979649843	4.66081975329	1.84401911008	4.49631898223	5.14230902304e-07	-4.16468941138	1.78348536167	-4.17534095449	1.22309616643e-06	239.373001651	4.59996145723	1.8245956279	4.59996145767	5.0751637178e-07	-4.12082176915	1.82459562064	-4.12082176057	1.21021301003e-06	0.0232606935713	0.0	0.0	0.0	-0.0126715938342	0.0	0.0	0.0	-0.0101172727786	239.632726079	0.023150437826
783	261.0	nan	nan	1	1	0.25	0.25	0.25	256.5	1.0261	-8.03622508708e-20	-3.82858892159e-19	8.47032947254e-22	0.986033708316	-3.55753837847e-19	-1.69406589451e-21	-2.30392961653e-19	0.988835746715	234.158014893	4.76891523913	1.87430902297	4.58270264342	6.50115464629e-07	-4.198497408	1.80624086901	-4.21042837983	9.83801255641e-07	240.155815548	4.70008549648	1.85250652521	4.70008550101	6.40732349628e-07	-4.14965928728	1.8525065186	-4.14965927673	9.72357398515e-07	0.025765207886	0.0	0.0	0.0	-0.0140647380308	0.0	0.0	0.0	-0.0112270413191	240.422632302	0.0256597549811
860	286.666666667	nan	nan	1	1	0.25	0.25	0.25	256.5	1.02866666667	2.51780543571e-19	-1.27054942088e-19	-2.27851862811e-19	0.984664154679	-2.91379333855e-19	9.3173624198e-21	-3.04931861012e-19	0.987741966711	234.325263945	4.85691855058	1.89489398657	4.64915773853	6.25370074336e-07	-4.217314207	1.8195070945	-4.23049646071	5.59664206271e-07	240.92811364	4.78016235351	1.87077743217	4.78016234828	6.15487053205e-07	-4.16363991797	1.87077741705	-4.16363991028	5.52541289437e-07	0.0282634652761	0.0	0.0	0.0	-0.0154546556668	0.0	0.0	0.0	-0.0123337826409	241.19994327	0.0281628221663
937	312.333333333	nan	nan	1	1	0.25	0.25	0.25	256.5	1.03123333333	8.88855199025e-20	3.47283508374e-20	1.61783292926e-19	0.9832998336	-4.40457132572e-19	2.69356477227e-19	1.35525271561e-20	0.986652196708	234.481641563	4.92547922285	1.9104839048	4.69653447921	3.83570914392e-07	-4.21969750953	1.82789197326	-4.23408371033	1.0304299993e-06	241.690061958	4.8409150513	1.88408492627	4.84091505716	3.76985492928e-07	-4.16138992385	1.88408491738	-4.16138991445	1.01619156507e-06	0.0307554969168	0.0	0.0	0.0	-0.0168411864221	0.0	0.0	0.0	-0.0134376859383	241.964852643	0.0306596567759
1014	338.0	nan	nan	1	1	0.25	0.25	0.25	256.5	1.0338	1.70359501517e-19	3.34578014165e-19	-5.3363075677e-20	0.981940893744	1.11808349038e-19	8.63973606199e-20	2.30392961653e-19	0.985566232233	234.627396834	4.97690488721	1.92246056215	4.72724554789	-5.20963694128e-08	-4.20538509432	1.83276474691	-4.22091142044	8.16067735152e-07	242.441833676	4.88468989964	1.89380633309	4.88468991401	-5.11310975896e-08	-4.14270392929	1.8938063156	-4.14270391939	8.03904264924e-07	0.0332413337798	0.0	0.0	0.0	-0.0182241621092	0.0	0.0	0.0	-0.014538947917	242.717672646	0.0331502753123
1091	363.666666667	nan	nan	1	1	0.25	0.25	0.25	256.5	1.03636666667	6.35804106033e-20	-3.81164826264e-20	-1.43995601033e-20	0.980587498181	-1.35525271561e-20	5.19231196667e-19	2.71050543121e-19	0.984483854842	234.762899678	5.01120579658	1.92955218311	4.74149345505	-5.24099784599e-07	-4.17648960986	1.83295452088	-4.19308483312	7.75404397635e-08	243.183729632	4.91156848532	1.89870170403	4.91156849742	-5.13679160205e-07	-4.10971416503	1.89870169965	-4.10971414039	7.63006911129e-08	0.0357210065776	0.0	0.0	0.0	-0.0196033989988	0.0	0.0	0.0	-0.0156377803853	243.45878796	0.0356346927763
1168	389.333333333	nan	nan	1	1	0.25	0.25	0.25	256.5	1.03893333333	-5.57771195767e-19	-4.19281308891e-19	1.32984172719e-19	0.979239652821	1.69406589451e-19	-1.69406589451e-20	2.57498015965e-19	0.983405003912	234.888456965	5.02862417438	1.93090030214	4.73969602846	7.8446052737e-08	-4.13917561172	1.82769861264	-4.15678222354	4.92069884145e-07	243.915989045	4.92185805448	1.89794305874	4.92185805761	7.67805115507e-08	-4.06852679678	1.89794305151	-4.06852676958	4.83671073017e-07	0.0381945457948	0.0	0.0	0.0	-0.0209788729245	0.0	0.0	0.0	-0.0167342356382	244.188756763	0.0381129358569
1245	415.0	nan	nan	1	1	0.25	0.25	0.25	256.5	1.0415	-4.25528176877e-19	-7.28448334639e-20	-9.6561755987e-20	0.977897264789	4.06575814682e-20	7.45388993584e-20	-1.08420217249e-19	0.98232971785	235.004125761	5.028184876	1.92461028635	4.72112168852	-4.76453713705e-08	-4.10174076161	1.81526823381	-4.12033244216	3.48075754136e-07	244.63859439	4.91467360299	1.88968883428	4.91467360449	-4.65697771178e-08	-4.02731595757	1.88968882024	-4.02731593774	3.41760028376e-07	0.0406619817189	0.0	0.0	0.0	-0.0223506606931	0.0	0.0	0.0	-0.0178282654249	244.907889697	0.0405850387695
1322	440.666666667	nan	nan	1	1	0.25	0.25	0.25	256.5	1.04406666667	-6.46921413465e-20	1.2959604093e-19	-2.27004829864e-19	0.976560263373	6.9117888496e-19	1.67712523556e-19	9.48676900925e-20	0.981258013605	235.11008999	5.00755960204	1.909393187	4.6837849538	-1.94689681163e-06	-4.06690412094	1.79452847435	-4.0864679774	-1.34119333942e-06	245.351661042	4.88781410299	1.87269947788	4.88781412327	-1.9003407746e-06	-3.98874850698	1.87269947448	-3.98874849203	-1.31541899467e-06	0.0431233443853	0.0	0.0	0.0	-0.023718816926	0.0	0.0	0.0	-0.0189198431877	245.616289971	0.0430510338034
1399	466.333333333	nan	nan	1	1	0.25	0.25	0.25	256.5	1.04663333333	-8.4068020015e-20	-2.80367905541e-19	-3.57447903741e-19	0.975228625528	-6.03087458445e-19	3.13402190484e-19	1.08420217249e-19	0.980189861511	235.206855306	4.96668594846	1.88552642784	4.62784258441	4.03482635913e-08	-4.03130293883	1.7658274403	-4.05181118406	4.25958300534e-07	246.05564263	4.84129928857	1.84727529167	4.84129928787	3.93296499619e-08	-3.94952104737	1.84727526343	-3.94952102999	4.17317006137e-07	0.045578663608	0.0	0.0	0.0	-0.0250833477512	0.0	0.0	0.0	-0.0200089898462	246.314285256	0.0455109492152
1476	492.0	nan	nan	1	1	0.25	0.25	0.25	256.5	1.0492	1.7279472124e-19	5.09913834247e-19	-1.01643953671e-20	0.973902399994	-2.57498015965e-19	1.82959116607e-19	-4.06575814682e-19	0.979125160546	235.295155302	4.90567509946	1.85497506804	4.55361107549	1.20027848216e-07	-3.99260094402	1.73108343152	-4.01401210007	2.0471447286e-07	246.751236908	4.77531790566	1.81536667527	4.77531789311	1.16838380273e-07	-3.90734885137	1.81536665033	-3.90734882893	2.00343302927e-07	0.0480279690106	0.0	0.0	0.0	-0.0264441857055	0.0	0.0	0.0	-0.0210957993259	247.002576128	0.0479648075015
1553	517.666666667	nan	nan	1	1	0.25	0.25	0.25	256.5	1.05176666667	2.27428346338e-19	-9.3173624198e-20	3.04931861012e-20	0.972581714908	-9.41900637347e-19	-5.70900206449e-19	5.42101086243e-20	0.978063730732	235.3759914	4.83036130668	1.82134649837	4.46669517426	8.24190873883e-08	-3.95330096711	1.69371496064	-3.97558398363	-1.43492447559e-06	247.439430573	4.6956212537	1.78052088453	4.69562126489	8.01200560163e-08	-3.86468743924	1.78052087182	-3.8646874352	-1.40276053941e-06	0.050471289971	0.0	0.0	0.0	-0.0278011814072	0.0	0.0	0.0	-0.0221804467228	247.682734355	0.0504126246945
1630	543.333333333	nan	nan	1	1	0.25	0.25	0.25	256.5	1.05433333333	3.06625926906e-19	-8.48727013149e-19	4.62479989201e-19	0.971266901949	-1.21295118047e-18	-1.18584612616e-19	2.98155597434e-19	0.977005186573	235.449799569	4.74841021445	1.7872317017	4.37430321351	-5.87406500718e-07	-3.91592438494	1.65615046494	-3.93905979369	-1.38258315931e-06	248.120624962	4.60970808537	1.74527686839	4.60970809529	-5.70248224867e-07	-3.82399900411	1.74527686642	-3.82399897222	-1.35012735298e-06	0.0529086556522	0.0	0.0	0.0	-0.0291539751876	0.0	0.0	0.0	-0.023263318281	248.355793395	0.0528544013347
1707	569.0	nan	nan	1	1	0.25	0.25	0.25	256.5	1.0569	3.16790322273e-19	-1.84653182501e-19	-1.98205709658e-19	0.969958377946	-4.1335207826e-19	4.96361307091e-19	5.42101086243e-20	0.975949056226	235.516641126	4.66736745802	1.75422549551	4.28342526536	5.509410686e-07	-3.88192685431	1.61986441067	-3.90590245736	-1.00225759317e-07	248.794830291	4.52492043982	1.711190743	4.52492043392	5.3412646955e-07	-3.78669521968	1.7111907219	-3.78669518186	-9.77670156951e-08	0.0553400950332	0.0	0.0	0.0	-0.0305021177394	0.0	0.0	0.0	-0.0243448904211	249.022275888	0.0552901314257
1784	594.666666667	nan	nan	1	1	0.25	0.25	0.25	256.5	1.05946666667	-2.77403290226e-19	1.66018457662e-19	1.11808349038e-19	0.968656318875	8.40256683676e-19	-2.84603070277e-19	-8.40256683676e-19	0.97489511036	235.57672134	4.5921978123	1.72391036633	4.19858554081	5.17335228822e-07	-3.85073392925	1.58629978843	-3.87553518882	3.80543960288e-07	249.462209806	4.44606080469	1.6798003523	4.44606080393	5.0087212654e-07	-3.75220448656	1.67980031467	-3.75220445732	3.70806911454e-07	0.0577656368533	0.0	0.0	0.0	-0.0318454060874	0.0	0.0	0.0	-0.0254253928893	249.682595662	0.0577198271654
1861	620.333333333	nan	nan	1	1	0.25	0.25	0.25	256.5	1.06203333333	7.09813609799e-19	8.9785492409e-19	9.9949887776e-20	0.967360676445	-8.94466792301e-19	-5.60735811082e-19	6.09863722023e-19	0.973843345631	235.630190323	4.52331026421	1.69772502294	4.12008958605	3.95559025257e-07	-3.82239219318	1.55674791725	-3.84800753393	-1.01347472831e-07	250.122870309	4.37349998251	1.65249735398	4.37349998224	3.82458263751e-07	-3.72056304747	1.65249731741	-3.72056301675	-9.86475597807e-08	0.0601853096436	0.0	0.0	0.0	-0.0331838681221	0.0	0.0	0.0	-0.0265048243829	250.33687842	0.0601435178357
1938	646.0	nan	nan	1	1	0.25	0.25	0.25	256.5	1.0646	1.44419117507e-19	-1.30781887056e-18	8.70749869777e-19	0.966071127307	4.20128341838e-19	-5.70900206449e-19	9.08019319457e-19	0.972794036368	235.677261531	4.45964742338	1.67575660606	4.04690646694	5.08818696898e-07	-3.79686203221	1.53124740907	-3.82328444261	4.54075029799e-07	250.776987484	4.30618975807	1.6293537167	4.30618976907	4.91310108915e-07	-3.69172422868	1.62935367563	-3.69172419834	4.41501370055e-07	0.0625991417565	0.0	0.0	0.0	-0.0345178167276	0.0	0.0	0.0	-0.0275828981673	250.985214489	0.0625612536203
2015	671.666666667	nan	nan	1	1	0.25	0.25	0.25	256.5	1.06716666667	6.60685698858e-20	-9.72393823448e-19	-2.28698895759e-19	0.964787288965	5.21772295509e-19	2.99849663328e-19	-3.65918233214e-19	0.971747517438	235.718360398	4.40036635288	1.6529304898	3.97821415103	3.41203064025e-07	-3.77326066984	1.50513608282	-3.80048193082	-1.52693696409e-07	251.424965245	4.24329420255	1.60542775259	4.24329421335	3.29023737424e-07	-3.66482283102	1.60542770904	-3.66482280127	-1.48305509136e-07	0.0650071613117	0.0	0.0	0.0	-0.0358476278835	0.0	0.0	0.0	-0.0286592639863	251.627809897	0.0649730889715
2092	697.333333333	nan	nan	1	1	0.25	0.25	0.25	256.5	1.06973333333	-7.96210970419e-20	-1.01643953671e-20	-7.04731412116e-19	0.963508875333	1.00288700955e-18	-2.77826806699e-19	2.71050543121e-19	0.970704026068	235.753311873	4.34459335137	1.62612171873	3.91317550043	-1.09511939184e-07	-3.7512238279	1.47558536453	-3.77923663117	-3.44387533074e-07	252.066570166	4.18395277132	1.57769046946	4.18395278953	-1.05462754374e-07	-3.63950005336	1.57769042085	-3.63950001706	-3.3413054046e-07	0.0674093962261	0.0	0.0	0.0	-0.0371735796154	0.0	0.0	0.0	-0.0297336706801	252.264300866	0.0673790711469
2169	723.0	nan	nan	1	1	0.25	0.25	0.25	256.5	1.0723	5.25160427298e-20	-8.25010090626e-19	-3.18484388168e-19	0.962235642196	1.38235776992e-18	-6.60685698858e-19	-3.7947076037e-19	0.969663758951	235.782363096	4.28464702213	1.59873410786	3.84485690936	-2.82047425471e-07	-3.72993580708	1.44570968077	-3.7587295715	-2.2553120882e-07	252.702019263	4.1207624504	1.54945331275	4.12076243539	-2.71259320578e-07	-3.61496096457	1.54945327887	-3.61496095231	-2.18579235232e-07	0.069805874244	0.0	0.0	0.0	-0.0384959080042	0.0	0.0	0.0	-0.030805907835	252.894560949	0.0697792437045
2246	748.666666667	nan	nan	1	1	0.25	0.25	0.25	256.5	1.07486666667	3.50671640163e-19	2.49027686493e-19	2.20228566286e-19	0.960967327351	-2.1277467635e-18	5.25160427298e-19	-2.71050543121e-20	0.968626932199	235.806084738	4.21719688247	1.57355909768	3.77031732648	1.38989996068e-07	-3.71285743191	1.41802863043	-3.74245156786	-5.36563843467e-07	253.331879486	4.05053828722	1.5234206609	4.05053828716	1.33497277064e-07	-3.59455436474	1.52342064672	-3.5945543417	-5.19467267695e-07	0.0721966228825	0.0	0.0	0.0	-0.039814869184	0.0	0.0	0.0	-0.0318757441146	253.519203883	0.0721736511389
2323	774.333333333	nan	nan	1	1	0.25	0.25	0.25	256.5	1.07743333333	-5.16690097825e-19	8.23316024731e-19	-4.87890977618e-19	0.959703719214	1.46367293286e-18	-2.77826806699e-19	-1.62630325873e-19	0.967593711017	235.824843834	4.14648729328	1.54941171277	3.69340648658	-6.29417694742e-07	-3.70436414446	1.3914559609	-3.73481872856	-1.05048129409e-06	253.956504476	3.97737824901	1.49843962587	3.97737823417	-6.03747719835e-07	-3.58249907171	1.49843963095	-3.58249904662	-1.0159228721e-06	0.0745816694621	0.0	0.0	0.0	-0.0411306679738	0.0	0.0	0.0	-0.0329429998364	254.138946351	0.0745623340302
2400	800.0	nan	nan	1	1	0.25	0.25	0.25	256.5	1.08	4.05728781735e-19	-1.06217931586e-18	3.69306365003e-19	0.958444667414	1.63985578588e-18	4.06575814682e-19	7.5894152074e-19	0.966564199517	235.83895922	4.07760841476	1.52471363652	3.61866857171	-7.99097033377e-07	-3.70740078919	1.36456814958	-3.7388082509	-1.24398566231e-06	254.576199592	3.90616924244	1.47298214875	3.90616925895	-7.65499757707e-07	-3.58161365514	1.47298213473	-3.58161360963	-1.20177889802e-06	0.0769610411361	0.0	0.0	0.0	-0.0424434464737	0.0	0.0	0.0	-0.0340075577938	254.75440972	0.0769453281054
