6	header
postResults v2.0.2	--cr texture,f,p --time 512grains512_tensionX.spectralOut
addCauchy v2.0.2	512grains512_tensionX.txt
addStrainTensors v2.0.2	--left --logarithmic 512grains512_tensionX.txt
addMises v2.0.2	-s Cauchy 512grains512_tensionX.txt
addMises v2.0.2	-e ln(V) 512grains512_tensionX.txt
inc	time	elem	node	ip	grain	1_pos	2_pos	3_pos	texture	1_f	2_f	3_f	4_f	5_f	6_f	7_f	8_f	9_f	1_p	2_p	3_p	4_p	5_p	6_p	7_p	8_p	9_p	1_Cauchy	2_Cauchy	3_Cauchy	4_Cauchy	5_Cauchy	6_Cauchy	7_Cauchy	8_Cauchy	9_Cauchy	1_ln(V)	2_ln(V)	3_ln(V)	4_ln(V)	5_ln(V)	6_ln(V)	7_ln(V)	8_ln(V)	9_ln(V)	Mises(Cauchy)	Mises(ln(V))
0	0.0	nan	nan	1	1	0.25	0.25	0.25	256.5	1.0	0.0	0.0	0.0	1.0	0.0	0.0	0.0	1.0	6.13798216321e-12	-5.13004670219e-13	9.78207603579e-14	-5.13004670219e-13	6.92654119504e-12	4.30065306802e-13	9.78207603579e-14	4.30065306802e-13	7.3844186606e-12	6.13798216321e-12	-5.13004670219e-13	9.78207603579e-14	-5.13004670219e-13	6.92654119504e-12	4.30065306802e-13	9.78207603579e-14	4.30065306802e-13	7.3844186606e-12	0.0	0.0	0.0	0.0	0.0	0.0	0.0	0.0	0.0	1.6017606294e-12	0.0
6	2.0	nan	nan	1	1	0.25	0.25	0.25	256.5	1.0002	7.94093388051e-23	-2.3127969927e-21	-6.89455040563e-22	0.999937780351	1.65436122511e-23	9.26442286059e-23	7.41153828848e-22	0.999942801107	40.6589785155	0.544048818918	0.618985326198	0.54390618715	6.16107283356e-07	-0.271789882911	0.618826155711	-0.271791247608	8.80484065573e-07	40.6638343866	0.543971145459	0.618900061632	0.543971145455	6.16019322162e-07	-0.271752444146	0.618900061651	-0.271752444167	8.80362779835e-07	0.000199980002666	0.0	0.0	0.0	-6.22215847226e-05	0.0	0.0	0.0	-5.72005289191e-05	40.6915929895	0.000173151641476
12	4.0	nan	nan	1	1	0.25	0.25	0.25	256.5	1.0004	1.5881867761e-21	-3.97212130148e-21	8.43724224804e-22	0.999875542643	-4.16899028727e-22	-1.34995875969e-21	-7.41153828848e-22	0.999885585156	81.343756799	1.08843938608	1.23831774424	1.08786877429	5.80309331933e-08	-0.543644457696	1.23768098992	-0.543649917933	7.83286509438e-08	81.3631910449	1.08812868248	1.2379766905	1.08812868249	5.80143678061e-08	-0.543494728779	1.23797669051	-0.54349472878	7.83070779029e-08	0.000399920021327	0.0	0.0	0.0	-0.000124465102459	0.0	0.0	0.0	-0.000114421389877	81.4187007783	0.000346290732539
18	6.0	nan	nan	1	1	0.25	0.25	0.25	256.5	1.0006	-1.01908651467e-21	-2.10765620079e-21	2.58080351117e-22	0.999813286879	1.28378431068e-21	4.6322114303e-22	-4.23516473627e-22	0.999828352155	122.05434178	1.63317185939	1.85799725547	1.6318877921	8.0829678898e-08	-0.815563638752	1.85656439561	-0.815575927739	9.87973154849e-08	122.098093057	1.63247275429	1.85722989478	1.63247275429	8.0795078473e-08	-0.815226807537	1.85722989479	-0.815226807538	9.87565117778e-08	0.000599820071968	0.0	0.0	0.0	-0.000186730554065	0.0	0.0	0.0	-0.000171662578177	122.181344325	0.000519417282621
24	8.0	nan	nan	1	1	0.25	0.25	0.25	256.5	1.0008	2.32934060495e-21	3.00762870724e-21	-4.13590306277e-23	0.999750956593	3.1631386624e-21	7.94093388051e-22	-2.11758236814e-22	0.999771007428	162.71396592	2.18375487426	2.47525938152	2.18146585743	5.32799831341e-05	-1.07910748988	2.47271439762	-1.07912913568	1.86138804316e-05	162.791776963	2.18250904521	2.47389686462	2.18250905081	5.32495869794e-05	-1.07851349064	2.47389686825	-1.07851349404	1.86036343431e-05	0.000799680170564	0.0	0.0	0.0	-0.000249074423459	0.0	0.0	0.0	-0.000229018794802	162.902704269	0.000692581321029
30	10.0	nan	nan	1	1	0.25	0.25	0.25	256.5	1.001	-4.42045319348e-21	1.5352472169e-21	-7.841672207e-22	0.999681651468	3.0704944338e-21	-3.38813178902e-21	3.33519222981e-21	0.999709221346	197.610531391	2.77758017683	2.84793539506	2.77392203007	0.00104931419031	-1.36218229294	2.84426307841	-1.36221988669	0.00127148572173	197.730956388	2.77561246031	2.84599632351	2.77561247415	0.0010485708264	-1.36125482494	2.84599638873	-1.36125485152	0.00127062000624	0.000999500333083	0.0	0.0	0.0	-0.00031839921565	0.0	0.0	0.0	-0.00029082093831	197.863697386	0.000869552728622
36	12.0	nan	nan	1	1	0.25	0.25	0.25	256.5	1.0012	-2.11758236814e-21	-7.46447784768e-21	-4.77779521811e-21	0.999586882909	6.11451908799e-21	-3.52048068703e-21	-1.27054942088e-21	0.999636792329	214.147679347	3.13935937607	2.71804229476	3.13430131817	-0.000146296005517	-1.94242798099	2.71379837305	-1.94252510557	0.000116159291326	214.314024474	3.13673594664	2.71590654071	3.13673597332	-0.000146173752152	-1.94090168081	2.71590639092	-1.94090181976	0.000116068016927	0.00119928057548	0.0	0.0	0.0	-0.000413202447374	0.0	0.0	0.0	-0.000363273646881	214.460846353	0.00105873825135
42	14.0	nan	nan	1	1	0.25	0.25	0.25	256.5	1.0014	0.0	4.18222517707e-21	-2.80662381839e-21	0.999480090224	8.41738991334e-21	-2.67675646222e-21	-2.75285707858e-21	0.999556794025	220.672344698	3.32701433982	2.70291071018	3.32063570616	-0.000163441069822	-2.39165311828	2.69793567286	-2.39183660518	4.16282682417e-05	220.885031653	3.32383617563	2.70053596053	3.32383617924	-0.000163284941082	-2.38955183636	2.70053597932	-2.389551779	4.15916940718e-05	0.00139902091371	0.0	0.0	0.0	-0.000520044975951	0.0	0.0	0.0	-0.000443304219798	221.048357394	0.00125457960467
48	16.0	nan	nan	1	1	0.25	0.25	0.25	256.5	1.0016	1.2229038176e-20	-2.59403840097e-21	-9.58867766071e-21	0.999370831258	2.69991751937e-21	-1.54864754282e-20	-8.68208770936e-21	0.999473924569	224.442311823	3.43010113508	2.69902384323	3.42246707422	-2.21682844801e-05	-2.79512141677	2.69329473368	-2.79540973682	-6.01673336716e-05	224.70182292	3.42642429793	2.69640879968	3.42642429681	-2.21445215738e-05	-2.79241326573	2.69640885181	-2.79241324606	-6.01090384482e-05	0.0015987213637	0.0	0.0	0.0	-0.000629366751711	0.0	0.0	0.0	-0.00052621385723	224.880753809	0.00145222946326
54	18.0	nan	nan	1	1	0.25	0.25	0.25	256.5	1.0018	2.40874994375e-21	1.55642304058e-20	-2.10434747833e-21	0.999261286624	-5.29395592034e-22	-7.04096137405e-21	6.35274710441e-21	0.999389576854	227.281080153	3.47612328673	2.68468763145	3.46731422507	2.01860496833e-05	-3.1785122898	2.6782280347	-3.17892040256	-6.13954125926e-05	227.588024844	3.47199689448	2.68184499124	3.47199685721	2.0162087484e-05	-3.17514677094	2.68184500042	-3.17514681014	-6.13304050042e-05	0.00179838194138	0.0	0.0	0.0	-0.000738986359171	0.0	0.0	0.0	-0.000610609530061	227.781264062	0.00165045168312
60	20.0	nan	nan	1	1	0.25	0.25	0.25	256.5	1.002	1.80523896884e-20	-1.18584612616e-20	-6.53803556162e-21	0.999150967292	2.47757137072e-20	-4.03664138926e-22	1.69406589451e-21	0.999305169262	229.663117502	3.47629644511	2.63836750193	3.46641215339	-1.70403483303e-05	-3.47648295154	2.63127176215	-3.47701949208	-2.22544516242e-05	230.01809834	3.47177002218	2.63533878816	3.47177004414	-1.70181603999e-05	-3.4724921232	2.63533881073	-3.47249212768	-2.22289046282e-05	0.00199800266267	0.0	0.0	0.0	-0.00084939334041	0.0	0.0	0.0	-0.000695072244755	230.220554663	0.00184897157336
66	22.0	nan	nan	1	1	0.25	0.25	0.25	256.5	1.0022	-3.0704944338e-21	1.40289831889e-20	1.05349722815e-20	0.999040350878	2.47757137072e-20	8.99972506458e-21	1.60936259978e-20	0.999220482763	231.720267406	3.46345485254	2.57157318986	3.45253556335	-2.85229557299e-05	-3.69327719069	2.56392798105	-3.69394312223	-2.19587985158e-05	232.123795659	3.45854797595	2.56839290393	3.45854796641	-2.84825456106e-05	-3.6887096841	2.5683929223	-3.68870969959	-2.19316418872e-05	0.00219758354349	0.0	0.0	0.0	-0.000960109880019	0.0	0.0	0.0	-0.000779821218544	232.331578869	0.00204768003552
72	24.0	nan	nan	1	1	0.25	0.25	0.25	256.5	1.0024	7.62329652529e-21	-4.76456032831e-22	-9.79381845263e-21	0.998929738285	8.99972506458e-21	-1.55377606262e-20	9.74087889342e-21	0.999135362607	233.526795154	3.49066403599	2.49460922358	3.47857954209	-5.77405846039e-07	-3.83358759203	2.48648474407	-3.8343767595	-9.01673928781e-06	233.979304981	3.48532003842	2.49130284204	3.48532005949	-5.76521872272e-07	-3.82850651435	2.49130285833	-3.82850655834	-9.00478840587e-06	0.00239712459972	0.0	0.0	0.0	-0.00107083485404	0.0	0.0	0.0	-0.000865011407518	234.190845093	0.00224651025142
78	26.0	nan	nan	1	1	0.25	0.25	0.25	256.5	1.0026	1.71524171819e-20	-2.55962768748e-20	1.88994226356e-20	0.998819180407	-3.38813178902e-20	-1.77215174433e-20	-1.10114283143e-20	0.99904992033	235.165838993	3.54432144232	2.40441074044	3.5309557723	7.31626304054e-06	-3.93926371265	2.39589703502	-3.94017374564	5.7192850564e-06	235.667758857	3.53849195332	2.40101064459	3.5384919725	7.30422968645e-06	-3.93369316933	2.40101065322	-3.93369318232	5.71119737111e-06	0.00259662584727	0.0	0.0	0.0	-0.00118151730976	0.0	0.0	0.0	-0.000950531281757	235.882531477	0.00244540584944
84	28.0	nan	nan	1	1	0.25	0.25	0.25	256.5	1.0028	-1.01643953671e-20	4.75661939442e-20	1.83170874844e-20	0.998708818198	1.31290106824e-20	-1.02835093753e-20	-1.39760436297e-20	0.998964117685	236.689969068	3.60179403225	2.30917839817	3.58709960095	2.27887387141e-06	-4.04308104159	2.30034538572	-4.04411458224	1.25308961403e-05	237.241728468	3.59546164331	2.30570784007	3.59546166179	2.2748673359e-06	-4.03700453071	2.30570783177	-4.03700454035	1.2512062947e-05	0.002796087302	0.0	0.0	0.0	-0.00129201609545	0.0	0.0	0.0	-0.00103641921189	237.460012075	0.00264432412428
90	30.0	nan	nan	1	1	0.25	0.25	0.25	256.5	1.003	1.03232140447e-21	-1.85288457212e-20	1.85817852804e-20	0.998598609829	1.12231865511e-20	2.81506106064e-20	2.54109884176e-20	0.99887802681	238.114542217	3.65432284477	2.20742759352	3.63828686274	-9.85720195584e-06	-4.14561170518	2.19835586324	-4.14677169287	1.97916653333e-05	238.716535437	3.6474850472	2.20391366111	3.64748505787	-9.83875762172e-06	-4.13901244032	2.20391367299	-4.13901244811	1.9760159623e-05	0.0029955089798	0.0	0.0	0.0	-0.00140237303657	0.0	0.0	0.0	-0.0011226030731	238.938193562	0.0028432565188
167	55.6666666667	nan	nan	1	1	0.25	0.25	0.25	256.5	1.00556666667	2.71844636509e-20	5.38395317099e-20	3.36695596534e-20	0.997189199985	9.82558218815e-20	4.55280209149e-21	-1.86347248396e-20	0.997767236991	253.143962018	4.1567378872	1.3979984848	4.12210772381	-4.22282446286e-06	-4.41856043184	1.38715524215	-4.42112172556	-1.65578307672e-06	254.425576712	4.14297709396	1.39417813019	4.14297708916	-4.2088448914e-06	-4.4064856922	1.3941781177	-4.40648569519	-1.65125826601e-06	0.00555123004164	0.0	0.0	0.0	-0.00281475773133	0.0	0.0	0.0	-0.00223525934083	254.652608273	0.00539454429556
244	81.3333333333	nan	nan	1	1	0.25	0.25	0.25	256.5	1.00813333333	5.73864821765e-20	4.83867571119e-20	-4.95514274144e-20	0.99577769534	1.59242194084e-19	-5.09278559537e-20	6.43745039913e-20	0.996664585679	266.223207548	4.4256450918	1.36696981528	4.37140458001	1.64620966026e-08	-4.38201259019	1.35141885181	-4.38591541457	8.6826947035e-07	268.246763448	4.40463151553	1.36169096526	4.4046315162	1.63839322854e-08	-4.36509049947	1.36169095249	-4.36509048031	8.6491645973e-07	0.00810043603056	0.0	0.0	0.0	-0.0042312437596	0.0	0.0	0.0	-0.00334098921519	268.472070898	0.00794101996325
321	107.0	nan	nan	1	1	0.25	0.25	0.25	256.5	1.0107	7.58094487793e-20	-2.11917055491e-19	3.72694496792e-20	0.994364339857	-1.52465930506e-20	2.07523072077e-20	3.38813178902e-21	0.99557224877	278.623229852	4.73933066368	1.46899798626	4.66273020165	1.46881824037e-07	-4.56221662868	1.44701060384	-4.56775858771	1.58955618973e-06	281.448539212	4.7100114461	1.46168366523	4.71001145415	1.45973159826e-07	-4.53950079288	1.46168365391	-4.53950077719	1.58164159462e-06	0.0106431600985	0.0	0.0	0.0	-0.00565160039306	0.0	0.0	0.0	-0.00443758275223	281.687882454	0.0104819618948
398	132.666666667	nan	nan	1	1	0.25	0.25	0.25	256.5	1.01326666667	1.65171424715e-20	1.45312472568e-19	3.04931861012e-20	0.992951468825	2.0667603913e-19	-7.36918664111e-20	0.0	0.994488259559	290.564776961	5.09829600869	1.54933356299	4.99607918694	6.21009944662e-07	-4.72406673753	1.52062046518	-4.7313781749	1.7965205116e-06	294.249195291	5.05943045655	1.53990223927	5.05943045039	6.16275834609e-07	-4.69530972629	1.53990223076	-4.69530972677	1.78558447631e-06	0.0131794351154	0.0	0.0	0.0	-0.00707348941932	0.0	0.0	0.0	-0.00552698612833	294.504046541	0.0130171068674
475	158.333333333	nan	nan	1	1	0.25	0.25	0.25	256.5	1.01583333333	-1.21125711457e-19	-6.72332401883e-20	4.9974943888e-20	0.991543109322	1.45689666928e-19	2.47757137072e-19	1.35525271561e-20	0.99340869881	302.137529155	5.51115652869	1.56552224855	5.3793758266	1.13453825779e-07	-4.82060289151	1.53096316112	-4.82967285352	6.46638071061e-07	306.736257139	5.46125339806	1.55426541618	5.46125339481	1.1242650945e-07	-4.78594051687	1.55426540746	-4.78594050912	6.41988442875e-07	0.0157092937019	0.0	0.0	0.0	-0.00849285307488	0.0	0.0	0.0	-0.00661311974364	307.005814246	0.0155461138269
552	184.0	nan	nan	1	1	0.25	0.25	0.25	256.5	1.0184	1.27054942088e-20	2.71897576069e-19	5.75982404133e-20	0.990140265695	-1.15196480827e-19	3.38813178902e-21	2.98155597434e-19	0.992332593167	313.390412059	5.94221836254	1.57029752002	5.777326847	-6.11647252458e-07	-4.86930397294	1.53010350722	-4.88008537572	1.08306841157e-06	318.956698452	5.87994089283	1.55728045164	5.87994088552	-6.05236878265e-07	-4.8289396076	1.5572804533	-4.82893959975	1.0740902559e-06	0.0182327682611	0.0	0.0	0.0	-0.00990866336932	0.0	0.0	0.0	-0.00769695251953	319.240235235	0.0180688944435
629	209.666666667	nan	nan	1	1	0.25	0.25	0.25	256.5	1.02096666667	-4.23516473627e-20	-1.05879118407e-19	-2.35475159337e-19	0.988742927916	1.35525271561e-20	-6.73391193067e-20	8.13151629364e-20	0.991259932493	324.34378834	6.36770925772	1.6110524006	6.16673168027	-6.06957169413e-07	-4.91923303611	1.56417613438	-4.93175573216	7.62080194311e-07	330.928859655	6.29193330849	1.5959332135	6.29193330075	-5.99734359171e-07	-4.87306768194	1.59593321364	-4.87306767703	7.54928326973e-07	0.0207498909219	0.0	0.0	0.0	-0.011320912476	0.0	0.0	0.0	-0.0087784859138	331.227349036	0.0205854608993
706	235.333333333	nan	nan	1	1	0.25	0.25	0.25	256.5	1.02353333333	5.12454933089e-20	-5.3363075677e-20	-9.9949887776e-20	0.987350609465	3.35425047113e-19	-8.34327453045e-20	-5.42101086243e-20	0.990191178019	335.014537633	6.79027278684	1.67062247261	6.55023119815	-5.91245383985e-07	-4.98040288954	1.616201031	-4.99473130633	5.35505055466e-07	342.667725525	6.69986694585	1.65312209156	6.69986694366	-5.83373529962e-07	-4.92823134882	1.65312208597	-4.92823134404	5.29895444271e-07	0.0232606935713	0.0	0.0	0.0	-0.0127300752055	0.0	0.0	0.0	-0.00985724538656	342.982354672	0.0230958700932
783	261.0	nan	nan	1	1	0.25	0.25	0.25	256.5	1.0261	1.12231865511e-19	5.65394492292e-19	-2.43945488809e-19	0.985963060587	-1.28749007983e-19	-1.10114283143e-20	-3.04931861012e-19	0.989126548178	345.416399659	7.21941277182	1.7295940969	6.93701813558	-6.83814716795e-07	-5.03891356171	1.66727165387	-5.05508104043	-4.86935283206e-08	354.185233099	7.11312314325	1.70959745439	7.11312314003	-6.73747081857e-07	-4.98065633633	1.70959745961	-4.98065633261	-4.81305597706e-08	0.025765207886	0.0	0.0	0.0	-0.014136388989	0.0	0.0	0.0	-0.0109329998545	354.516795295	0.0256001631353
860	286.666666667	nan	nan	1	1	0.25	0.25	0.25	256.5	1.02866666667	6.77626357803e-21	-3.9810548521e-20	1.21972744405e-19	0.984580550943	1.86347248396e-19	3.43048343638e-20	-4.06575814682e-20	0.988065736751	355.560974512	7.63756165273	1.77932383235	7.3102346024	-8.33836116487e-07	-5.10694491038	1.70909485716	-5.12502230334	7.60830154434e-08	365.491259664	7.51439849814	1.75682731875	7.51439849926	-8.20389693246e-07	-5.04237630655	1.75682731516	-5.04237630414	7.51210755424e-08	0.0282634652761	0.0	0.0	0.0	-0.0155395651103	0.0	0.0	0.0	-0.0120060482746	365.839849826	0.028098338954
937	312.333333333	nan	nan	1	1	0.25	0.25	0.25	256.5	1.03123333333	-1.82959116607e-19	-4.96361307091e-19	1.25360876194e-19	0.983203344097	8.80914265144e-20	-3.38813178902e-21	0.0	0.987008440034	365.457855535	8.02500877858	1.81888019506	7.65124168394	-2.64264504113e-07	-5.18477308313	1.74087671106	-5.20483866162	-2.09661170703e-07	376.593732625	7.88438289653	1.79392302691	7.88438289487	-2.59633676906e-07	-5.11363191946	1.79392301665	-5.11363190435	-2.06784373701e-07	0.0307554969168	0.0	0.0	0.0	-0.0169393194983	0.0	0.0	0.0	-0.0130766883856	376.958130676	0.0305903975506
1014	338.0	nan	nan	1	1	0.25	0.25	0.25	256.5	1.0338	1.07996700775e-19	-5.37018888559e-19	8.47032947254e-20	0.981831720486	-5.42101086243e-20	-7.45388993584e-20	-1.35525271561e-20	0.985954335562	375.115332299	8.37934137627	1.84494217434	7.95811875277	-2.37421301397e-07	-5.26949957415	1.75955573805	-5.29162567568	-6.23013882317e-07	387.499329757	8.22084680316	1.81764544281	8.22084680976	-2.32930496436e-07	-5.19153500856	1.81764542917	-5.19153499852	-6.13796117706e-07	0.0332413337798	0.0	0.0	0.0	-0.0183353493794	0.0	0.0	0.0	-0.0141452382694	387.877874425	0.0330763375891
1091	363.666666667	nan	nan	1	1	0.25	0.25	0.25	256.5	1.03636666667	-2.41404389967e-19	-5.63276909924e-19	2.50721752387e-19	0.980466021473	1.49077798717e-19	-4.06575814682e-20	-2.98155597434e-19	0.984903039536	384.541841886	8.70903033615	1.86417193954	8.23927341482	-2.58943942566e-07	-5.36563941114	1.77160136776	-5.38992115476	-4.77673049754e-07	398.214964976	8.5322365914	1.83459405923	8.53223659152	-2.53687367777e-07	-5.28050550427	1.83459405394	-5.28050548986	-4.70094051274e-07	0.0357210065776	0.0	0.0	0.0	-0.0197272882318	0.0	0.0	0.0	-0.0152120796746	398.606703686	0.0355561520876
1168	389.333333333	nan	nan	1	1	0.25	0.25	0.25	256.5	1.03893333333	-1.05879118407e-19	-9.33430307874e-19	4.74338450462e-20	0.979106307394	2.98155597434e-19	9.3173624198e-20	1.08420217249e-19	0.983854449355	393.745333581	9.0107136232	1.88037051198	8.49183125584	-9.54118934027e-07	-5.47022997469	1.78068297717	-5.4967576486	-1.49611536104e-06	408.747131173	8.81537218152	1.84852744615	8.81537219162	-9.33434782262e-07	-5.37759456477	1.84852745257	-5.37759454914	-1.47077945004e-06	0.0381945457948	0.0	0.0	0.0	-0.0211150546104	0.0	0.0	0.0	-0.0162773101929	409.150775774	0.0380298583455
1245	415.0	nan	nan	1	1	0.25	0.25	0.25	256.5	1.0415	3.76082628581e-19	-6.26804380968e-20	-4.40457132572e-20	0.977752509462	-4.33680868994e-19	-2.95614498592e-19	1.62630325873e-19	0.982808591601	402.733107789	9.26424552082	1.90151703235	8.69720528955	-6.67558523793e-07	-5.57778544196	1.79436127549	-5.60662887028	-8.19219016152e-07	419.101726387	9.05069307679	1.86729100989	9.0506930796	-6.52170465047e-07	-5.47738907075	1.86729100185	-5.47738906383	-8.04473627091e-07	0.0406619817189	0.0	0.0	0.0	-0.0224986987817	0.0	0.0	0.0	-0.0173408964106	419.514562926	0.0404974851288
1322	440.666666667	nan	nan	1	1	0.25	0.25	0.25	256.5	1.04406666667	8.38562617782e-20	3.55753837847e-20	3.7947076037e-19	0.976404651976	5.08219768353e-19	-4.06575814682e-20	2.84603070277e-19	0.981765398519	411.511704048	9.45815646097	1.94193580056	8.84520908567	-5.94907656581e-07	-5.68685104929	1.82605711099	-5.71807351268	-6.09389885109e-07	429.28392895	9.22721291268	1.90492024695	9.22721291115	-5.80381560963e-07	-5.57845305804	1.90492023284	-5.57845304945	-5.97774205562e-07	0.0431233443853	0.0	0.0	0.0	-0.0238781760585	0.0	0.0	0.0	-0.018402900881	429.702641502	0.0429590534673
1399	466.333333333	nan	nan	1	1	0.25	0.25	0.25	256.5	1.04663333333	2.32087027548e-19	1.19770458742e-18	1.15196480827e-19	0.975062760495	2.30392961653e-19	6.26804380968e-20	-3.52365706058e-19	0.980724802149	420.08797497	9.60768794995	1.99916526297	8.95069785159	-6.47721614788e-07	-5.80330127183	1.87327393513	-5.83700016299	-7.79926643713e-07	439.2993101	9.36002844187	1.95894194133	9.36002843547	-6.31025150735e-07	-5.68653851191	1.95894192732	-5.68653851222	-7.6423447417e-07	0.045578663608	0.0	0.0	0.0	-0.0252534403175	0.0	0.0	0.0	-0.0194633866528	439.721772699	0.0454145839769
1476	492.0	nan	nan	1	1	0.25	0.25	0.25	256.5	1.0492	-3.07472959853e-19	-3.20178454062e-19	1.79570984818e-19	0.973726960438	-4.20128341838e-19	1.96511643763e-19	-5.28548559087e-19	0.979686633652	428.46814324	9.7298673609	2.05837080172	9.02996013956	-8.09845408678e-07	-5.92461072134	1.92199614205	-5.96087216561	-1.06358913332e-06	449.152850104	9.46589004045	2.01478234192	9.46589004807	-7.87873801762e-07	-5.79915001424	2.01478233262	-5.79915001633	-1.0410663633e-06	0.0480279690106	0.0	0.0	0.0	-0.0266243427313	0.0	0.0	0.0	-0.0205225200317	449.577758866	0.0478640886878
1553	517.666666667	nan	nan	1	1	0.25	0.25	0.25	256.5	1.05176666667	-4.98055372986e-19	-5.62429876977e-19	2.4055735702e-19	0.972397208155	-3.38813178902e-19	4.82808779935e-19	2.71050543121e-20	0.97865089537	436.658739271	9.82951938043	2.1151496233	9.08775445303	-8.76144626127e-07	-6.04399430053	1.9681105324	-6.08286447922	-1.42381482177e-06	458.849914892	9.54959784355	2.06813073252	9.54959784909	-8.51194092859e-07	-5.90963883708	2.06813071415	-5.90963884043	-1.39216401425e-06	0.050471289971	0.0	0.0	0.0	-0.0279909076313	0.0	0.0	0.0	-0.0215802931308	459.275987692	0.050307593989
1630	543.333333333	nan	nan	1	1	0.25	0.25	0.25	256.5	1.05433333333	3.15096256379e-19	-1.11808349038e-19	-2.64274279543e-19	0.971073118402	-2.98155597434e-19	-2.96461531539e-19	-1.89735380185e-19	0.977617935611	444.667305498	9.91142340316	2.16994104347	9.12872288769	-7.65153341131e-07	-6.15938138942	2.01205178453	-6.20089425575	-9.26982463789e-07	468.397001432	9.61587770213	2.11942506041	9.61587770144	-7.4233746783e-07	-6.0159916845	2.11942504193	-6.01599168774	-9.05402416452e-07	0.0529086556522	0.0	0.0	0.0	-0.0293535113611	0.0	0.0	0.0	-0.0226363441588	468.823206966	0.0527451555509
1707	569.0	nan	nan	1	1	0.25	0.25	0.25	256.5	1.0569	-6.67461962436e-19	8.82608331039e-19	3.59141969636e-19	0.969754267864	-4.87890977618e-19	3.86247023948e-19	-8.13151629364e-20	0.976588141069	452.501000666	9.9795268818	2.22379122205	9.1566740353	-9.12019986532e-07	-6.27183256768	2.0548094516	-6.31603027109	-1.17034072594e-06	477.800278007	9.66862259283	2.16969363086	9.66862259585	-8.83606723172e-07	-6.11925932658	2.16969360461	-6.11925932956	-1.14187015122e-06	0.0553400950332	0.0	0.0	0.0	-0.0307125716777	0.0	0.0	0.0	-0.0236902705074	478.225900737	0.0551768325765
1784	594.666666667	nan	nan	1	1	0.25	0.25	0.25	256.5	1.05946666667	3.39660211849e-19	7.08119543905e-19	-3.04931861012e-19	0.968440273233	-6.09863722023e-19	-2.87991202066e-19	2.03287907341e-19	0.975561856671	460.165672988	10.0366463664	2.28062572117	9.17432596066	-8.92131310493e-07	-6.38463065143	2.10001080835	-6.43158107271	-1.25790077893e-06	487.064599148	9.7106100282	2.22276668611	9.71061002327	-8.63150790999e-07	-6.22265380216	2.2227666743	-6.22265380107	-1.22598807858e-06	0.0577656368533	0.0	0.0	0.0	-0.0320684673883	0.0	0.0	0.0	-0.0247417107079	487.489280844	0.0576026813611
1861	620.333333333	nan	nan	1	1	0.25	0.25	0.25	256.5	1.06203333333	3.15096256379e-19	7.52165257162e-19	4.06575814682e-20	0.967130699225	-7.5894152074e-19	-5.70900206449e-19	-3.25260651746e-19	0.974539474889	467.664073028	10.081579237	2.3521365875	9.1806956234	-9.85912700924e-07	-6.50353509369	2.15835969439	-6.55335589787	-1.33951400727e-06	496.191594661	9.74071831669	2.29001971064	9.74071831512	-9.52578725885e-07	-6.33178516612	2.29001969657	-6.33178516277	-1.30413917952e-06	0.0601853096436	0.0	0.0	0.0	-0.033421633174	0.0	0.0	0.0	-0.0257902530161	496.615295367	0.0600227643508
1938	646.0	nan	nan	1	1	0.25	0.25	0.25	256.5	1.0646	5.82758667711e-19	-1.01643953671e-19	-2.71050543121e-20	0.96582524902	4.06575814682e-19	3.64224167319e-19	-3.25260651746e-19	0.973521249268	474.998875007	10.1143466043	2.44443359552	9.17592647885	-1.23567486598e-06	-6.63271078644	2.23530719227	-6.68556231604	-1.59486386458e-06	505.182840984	9.7590138638	2.37735056311	9.75901386541	-1.19226368445e-06	-6.45068810705	2.37735055235	-6.45068810493	-1.55109572765e-06	0.0625991417565	0.0	0.0	0.0	-0.0347723627699	0.0	0.0	0.0	-0.026835626706	505.60578397	0.0624371319062
2015	671.666666667	nan	nan	1	1	0.25	0.25	0.25	256.5	1.06716666667	-1.32137139772e-19	-1.00966327313e-18	-9.48676900925e-20	0.964523941611	9.35124373769e-19	-4.89585043513e-19	4.33680868994e-19	0.972507120313	482.175450583	10.1442013544	2.55350707137	9.16850701947	-9.73507612634e-07	-6.77428249255	2.3270065168	-6.83035191493	-1.38706963054e-06	514.042814746	9.77446103874	2.48080027387	9.77446103821	-9.38024778713e-07	-6.58139624957	2.48080025306	-6.58139624214	-1.34757516747e-06	0.0650071613117	0.0	0.0	0.0	-0.0361206241233	0.0	0.0	0.0	-0.0278778818577	514.465785327	0.0648458051957
2092	697.333333333	nan	nan	1	1	0.25	0.25	0.25	256.5	1.06973333333	-3.93023287526e-19	-1.26038502551e-18	-1.89735380185e-19	0.963226682294	-1.16551733542e-18	2.62580213649e-19	-2.16840434497e-19	0.971497141925	489.198291828	10.1787365671	2.67955893031	9.16530349468	-1.59753651929e-06	-6.93415258682	2.43348857038	-6.9936906184	-1.81500935464e-06	522.775107718	9.79437704375	2.6005144988	9.79437704861	-1.53721190325e-06	-6.72960170233	2.6005144964	-6.72960169392	-1.76146831062e-06	0.0674093962261	0.0	0.0	0.0	-0.0374665030941	0.0	0.0	0.0	-0.0289169520887	523.199536585	0.0672488157025
2169	723.0	nan	nan	1	1	0.25	0.25	0.25	256.5	1.0723	-1.15196480827e-19	6.30192512757e-19	7.45388993584e-20	0.961933393466	-8.2670415652e-19	-7.87740640946e-19	3.52365706058e-19	0.970491348717	496.070531792	10.2263001942	2.82118213854	9.17375701731	-1.39010041578e-06	-7.11928745932	2.55332728667	-7.18262505285	-1.07018289225e-06	531.381902644	9.82676483527	2.73507864149	9.82676483653	-1.33579003391e-06	-6.90200423668	2.73507863239	-6.90200423945	-1.03752052415e-06	0.069805874244	0.0	0.0	0.0	-0.0388100682748	0.0	0.0	0.0	-0.0299527906663	531.809908325	0.0696461940582
2246	748.666666667	nan	nan	1	1	0.25	0.25	0.25	256.5	1.07486666667	-8.50421079043e-19	-5.21772295509e-19	-4.60785923306e-19	0.96064431094	2.16840434497e-19	-2.92226366803e-19	-3.52365706058e-19	0.969489457369	502.794244938	10.2984731866	2.97037681091	9.20409014117	-1.21889083915e-06	-7.33361165006	2.67916857015	-7.40113596071	-1.32194650632e-06	539.864278413	9.88268964227	2.87669842591	9.88268965395	-1.16968017034e-06	-7.10232756077	2.87669841378	-7.10232753677	-1.28025556216e-06	0.0721966228825	0.0	0.0	0.0	-0.0401510624164	0.0	0.0	0.0	-0.0309856786556	540.298619695	0.072037943709
2323	774.333333333	nan	nan	1	1	0.25	0.25	0.25	256.5	1.07743333333	2.30392961653e-19	2.54109884176e-19	5.42101086243e-20	0.959359753263	3.25260651746e-19	-5.59888778135e-19	-8.67361737988e-19	0.968491101674	509.371801553	10.4079326871	3.1141913644	9.26734993817	-1.26676609713e-06	-7.57838535741	2.7993069354	-7.65051768623	-1.40417479172e-06	548.223652907	9.97420827028	3.01282144145	9.97420827062	-1.21397680619e-06	-7.33170162804	3.01282141857	-7.33170160415	-1.35846755225e-06	0.0745816694621	0.0	0.0	0.0	-0.0414891406972	0.0	0.0	0.0	-0.0320159839171	548.667588193	0.0744240602917
2400	800.0	nan	nan	1	1	0.25	0.25	0.25	256.5	1.08	4.40457132572e-20	-6.9117888496e-19	1.07064964533e-18	0.958079842727	1.51788304148e-18	-5.26007460245e-19	3.52365706058e-19	0.967496113987	515.80556595	10.5692286971	3.23870824534	9.37607868299	-1.3302107833e-06	-7.85615624115	2.90133114663	-7.93336867932	-1.57251604926e-06	556.46146124	10.1151030234	3.13001463671	10.1151030331	-1.27305591557e-06	-7.59249742809	3.13001463337	-7.5924974105	-1.51974116771e-06	0.0769610411361	0.0	0.0	0.0	-0.0428241613453	0.0	0.0	0.0	-0.0330438706372	556.918875918	0.0768045563378
